
Card size: 195, 272
Card back: (1213, 1) (1408, 272)

ouro:
A (809, 1396) (1004, 1668)
2
3 (1, 1) (196, 273)
4
5
6
7
8
9
10
J
Q
K

PAUS:
A (1, 838) (196, 1110)
2 (203, 1117) (398, 1389)
3 (405, 1396) (594, 1662)
4 (601, 1669) (796, 1941)
5 (1, 559) (196, 831)
6 (197, 832) (392, 1104)
7 (399, 1111) (594, 1383)
8 (601, 1390) (796, 1662)
9 (803, 1669) (998, 1941)
10 (1, 280) (196, 552)
J (197, 553) (392, 825)
Q (399, 832) (594, 1104)
K (601, 1111) (796, 1383)

COPAS
A
2
3
4
5
6
7
8
9
10
J
Q
K

ESPADA
A
2
3
4
5
6
7
8
9
10
J
Q
K

